ch side cubes
-1 z 1 2 3
-1 z 4 5 6
-1 z 7 8 9
-1 z 10 11 12
-1 z 13 14 15
-1 z 16 17 18
-1 z 19 20 21
-1 z 22 23 24
0 z 25 26 27
1 z 28 29 30
2 z 31 32 33
3 z 34 35 36
4 z 37 38 39
-1 z 40 41 42
-1 z 43 44 45
5 z 46 47 48
6 z 49 50 51
7 z 52 53 54
8 z 55 56 57
9 z 58 59 60
-1 z 61 62 63
-1 z 64 65 66
10 z 67 68 69
11 z 70 71 72
12 z 73 74 75
13 z 76 77 78
14 z 79 80 81
-1 z 82 83 84
-1 z 85 86 87
16 z 88 89 90
17 z 91 92 93
18 z 94 95 96
19 z 97 98 99
20 z 100 101 102
-1 z 103 104 105
-1 z 106 107 108
-1 z 109 110 111
-1 z 112 113 114
-1 z 115 116 117
-1 z 118 119 120
-1 z 121 122 123
-1 z 124 125 126
-1 x 1 4 7 10 13 16 19
-1 x 2 5 8 11 14 17 20
-1 x 3 6 9 12 15 18 21
21 x 22 25 28 31 34 37 40
22 x 23 26 29 32 35 38 41
23 x 24 27 30 33 36 39 42
24 x 43 46 49 52 55 58 61
25 x 44 47 50 53 56 59 62
26 x 45 48 51 54 57 60 63
27 x 64 67 70 73 76 79 82
28 x 65 68 71 74 77 80 83
29 x 66 69 72 75 78 81 84
30 x 85 88 91 94 97 100 103
32 x 86 89 92 95 98 101 104
33 x 87 90 93 96 99 102 105
57 x 106 109 112 115 118 121 124
58 x 107 110 113 116 119 122 125
-1 x 108 111 114 117 120 123 126
54 y 124 103 82 61 40 19
55 y 125 104 83 62 41 20
56 y 126 105 84 63 42 21
34 y 121 100 79 58 37 16
35 y 122 101 80 59 38 17
36 y 123 102 81 60 39 18
37 y 118 97 76 55 34 13
38 y 119 98 77 56 35 14
39 y 120 99 78 57 36 15
40 y 115 94 73 52 31 10
41 y 116 95 74 53 32 11
42 y 117 96 75 54 33 12
43 y 112 91 70 49 28 7
44 y 113 92 71 50 29 8
45 y 114 93 72 51 30 9
46 y 109 88 67 46 25 4
48 y 110 89 68 47 26 5
49 y 111 90 69 48 27 6
51 y 106 85 64 43 22 1
52 y 107 86 65 44 23 2
53 y 108 87 66 45 24 3